 2.74259928734988051e-03
 1.59322698347685837e-01
 6.20570985118555933e-04
 4.51676461527739966e-07
 4.41020524013463998e-04
 6.41715526893203297e-02
 2.92868171454376035e-03
 7.51165663963037911e-02
 1.13875474561847424e-02
 7.34254549015975200e-04
 5.36140718184671130e-05
 5.57292966768153722e-02
 8.93786073763184613e-02
 8.25021517991512444e-03
 4.32083206338045641e-03
 3.08144762006619076e-02
 6.27838905483093157e-05
 4.94119652899398312e-02
 3.83951760315956391e-05
 5.38537589813583711e-02
 1.45696642434454634e-03
 7.63281302134330847e-02
 3.37238487603968738e-03
 1.76191133159234088e-05
 3.53609677235369648e-03
 4.13845916487637876e-03
 6.05501493940330433e-03
 2.85885984590045022e-07
 2.88798046280561204e-03
 2.12540655608288720e-01
 5.91384376623595946e-04
 2.39002930424983467e-01
 9.31869368912027936e-03
 1.17973437702464462e-01
 6.11976373708719712e-01
