 8.75356251697380627e-02
 7.01016837234953120e-03
 2.52939810181883329e-03
 3.11702586441174150e-02
 8.68112397879256437e-04
 8.15734407948850715e-02
 7.70701045349105659e-03
 1.90157139709795728e-06
 3.29836018236418253e-03
 1.02161006781827629e-07
 2.36396155722736409e-02
 2.13127855525514079e-06
 6.13417180857683403e-02
 5.58570508006328917e-03
 5.01077211253125941e-04
 4.43742321193948130e-02
 3.39961122768569490e-02
 1.71485794701973532e-01
 2.22855592099125595e-02
 2.51119331120945881e-05
 5.71627071074394793e-03
 6.23243861429439786e-02
 2.85846295166377051e-01
