 1.52596073771753098e-02
 9.80009222310212168e-03
 1.20617619293337803e-04
 4.90212939531190356e-02
 8.94286765799675448e-02
 9.07664115185714306e-03
 2.75483908005302262e-03
 2.96914134631630321e-02
 4.82737915601671574e-03
 2.04018113161389375e-01
 1.00803326119869533e-02
 1.00123677463817888e-07
 3.96419151650257359e-02
 1.68926844914319557e-01
 1.05415847847284976e+01
 3.79281678087705285e-02
 5.94762743525514902e-04
 5.72930806678588755e-02
 1.32901635410944824e-01
 7.41932645413478642e-02
 2.69871648209909887e-01
