 1.25205903640596518e-04
 7.53134578727894799e-02
 1.04677841742547573e-02
 4.69617919767713402e-02
 3.91944880479413730e-05
 4.75950077344369118e-05
 1.81525553709691902e-04
 1.29348350624511776e-01
 2.51410230227143793e-06
 5.33345320226274039e-02
 8.42938998297422873e-03
 1.02347795869685025e-07
 3.64229399614298495e-03
 1.00016099186407284e-07
 3.35576144293944279e-04
 4.05007022096420741e-02
 9.20538648781877022e-02
 9.66918171905534890e-03
 4.20637006700855676e-03
 3.04808771412591051e-02
 1.41293003747136769e-01
