 9.21178187152286304e-02
 5.58350978861042995e-03
 1.19598817620718474e-03
 3.10667756300361288e-02
 2.52656548931425300e-04
 1.40268015539803781e-01
 7.27119055100628776e-03
 7.78863904998851053e-02
 1.96308520785085224e-03
 1.87335500108213953e-03
 4.58091390078984456e-04
 2.83130298241807132e-02
 1.05824832953168163e-01
 2.25306825964865787e-02
 1.01446002972157374e-03
 4.21661027517332074e-02
 5.39420799365492726e-04
 5.53822666700708871e-02
 8.31849909687131135e-03
 1.39695784874929257e-01
 2.39936963458665465e-03
 1.92297687671489581e-01
 2.79842018093559141e-03
 2.75591137537722283e-02
 7.93418996152194206e-04
 3.46143166623463869e-05
 2.31106995838684711e-03
 1.00500924957873397e-01
 6.11919848905141395e-01
