 2.26200776721197266e-07
 1.53802651341378577e-01
 2.41261662758443564e-05
 3.84043807472588677e-02
 2.83792700021714929e-03
 2.31944091497529804e-06
 5.38690272163873084e-05
 5.24059267638431123e-02
 8.18539309156214728e-02
 8.21136963943429506e-03
 3.62249987528732434e-03
 3.16783933584668664e-02
 4.41897882007689577e-02
 2.60187827221453928e-02
 2.01015453569530454e-02
 2.84308516664934100e-03
 2.25223102301014393e+01
 2.03173682173167745e-02
 2.64683733459168069e+00
 1.34076573364398747e-04
 5.77114258298942447e-04
 5.97530239869218105e-02
 2.25086252686886477e-05
 6.29627693863469839e-02
 1.91814670354224059e-01
