 4.78048533083492077e-04
 7.16448850207620364e-02
 3.22255194570334825e-03
 1.43300568402480981e-07
 4.20571394400247062e-03
 2.02871405095509088e-03
 7.70781592261281373e-02
 1.13160342521154450e-06
 6.70787883312269262e+00
 2.66678199646112099e-04
 1.30164804016900705e-02
 4.57306867892213476e-02
 9.07990620025057038e-02
 2.09630072478902869e-02
 1.18435397569887982e-02
 3.67988984901084296e-02
 2.22027334283813196e-05
 3.17443741766081815e-05
 4.04284946489384256e-07
 1.76103469211685459e-01
 4.98673896721853367e-03
 8.93633435789636527e-02
 1.50364355121380746e-05
 6.66286594894877210e-02
 2.33008270553721758e+02
 2.42678832833853192e-02
 9.09832358177309061e+02
 7.84531545322231694e-04
 8.13378053707018545e+00
 3.15619047018203050e-02
 5.17242131404029581e-02
 4.47818738878129549e-02
 1.44615911527625031e-05
 2.27517835747926764e-02
 8.31927332487337745e-02
 1.90046530131825481e-07
 6.58395417111577036e-04
 2.24634691226404732e-04
 4.93341770948601491e-03
 9.95215296935981521e-03
 2.40785433390675388e-03
 1.03838769061547806e-01
 2.95499733958593083e+02
 4.87760509625614992e-06
 3.20021046154606414e-01
