-4.18254598234441399e+00
 9.80009222310212168e-03
-9.02288518738262724e+00
 4.90212939531190356e-02
-2.41431388112370948e+00
 9.07664115185714306e-03
-5.89439624822729158e+00
 2.96914134631630321e-02
-5.33345157638989420e+00
 2.04018113161389375e-01
-4.59716901966238289e+00
 1.00123677463817888e-07
-3.22786825673622690e+00
 1.68926844914319557e-01
 2.35532789089282257e+00
 3.79281678087705285e-02
-7.42734798231800220e+00
 5.72930806678588755e-02
-2.01814600776344477e+00
 7.41932645413478642e-02
 2.69871648209909887e-01
