-1.53018582549646620e+01
 1.53794582580407568e-01
-1.06321312246410784e+01
 3.84052945067783827e-02
-5.86470013575888238e+00
 2.30816210359972648e-06
-9.82889796605060262e+00
 5.24064810046667787e-02
-2.50280235376179050e+00
 8.21121059709702984e-03
-5.62058593657318273e+00
 3.16772232096993941e-02
-3.11923782195803456e+00
 2.60190471274221735e-02
-3.90700623661720448e+00
 2.84321671952312118e-03
 3.11453150128887124e+00
 2.03178569680769264e-02
 9.73346572242912655e-01
 1.33999655218572746e-04
-7.45749932643699331e+00
 5.97570484866283350e-02
-1.07016437932659674e+01
 6.29575090844105290e-02
 1.91812580073376621e-01
