-2.43465775635610271e+00
 7.00382297369032698e-03
-5.98335395591757013e+00
 3.11715597508168754e-02
-7.04101723438673144e+00
 8.01715812709862252e-02
-4.86236728110649796e+00
 2.65423037093658401e-07
-5.69983960719345095e+00
 1.29527759061616240e-07
-3.72998221209270264e+00
 6.34846824704128500e-07
-2.77344228764553646e+00
 5.68439647366858047e-03
-7.58235616864013640e+00
 4.42847627071478941e-02
-3.35730155024718036e+00
 1.71060077201328375e-01
-3.83894560291804643e+00
 5.67003320507449993e-06
-5.17508313709793377e+00
 6.34801300591564394e-02
 2.87037856145664738e-01
