-8.98555094673108989e+00
 7.53134578727894799e-02
-4.55945291219446158e+00
 4.69617919767713402e-02
-1.01469744320764175e+01
 4.75950077344369118e-05
-8.61411412238066632e+00
 1.29348350624511776e-01
-1.28935947555965367e+01
 5.33345320226274039e-02
-4.77603087222318390e+00
 1.02347795869685025e-07
-5.61514157711730899e+00
 1.00016099186407284e-07
-7.99966166964646863e+00
 4.05007022096420741e-02
-2.38538138545782274e+00
 9.66918171905534890e-03
-5.47115522007318233e+00
 3.04808771412591051e-02
 1.41293003747136769e-01
